20141212,109.7300,111.8700,109.5800,110.4600,56028100
20141215,108.2300,111.6000,106.3500,110.7000,67218096
20141216,106.7500,110.1600,106.2600,106.3700,60790700
20141217,109.4100,109.8400,106.8200,107.1200,53411800
20141218,112.6500,112.6500,110.6600,111.8700,59006200
20141219,111.7800,113.2400,111.6600,112.2600,88429800
20141222,112.9400,113.4900,111.9700,112.1600,45167500
20141223,112.5400,113.3300,112.4600,113.2300,26028400
20141224,112.0100,112.7100,112.0100,112.5800,14479600
20141226,113.9900,114.5200,112.0100,112.1000,33721000
20141229,113.9100,114.7700,113.7000,113.7900,27598900
20141230,112.5200,113.9200,112.1100,113.6400,29881500
20141231,110.3800,113.1300,110.2100,112.8200,41403400
20150102,109.3300,111.4400,107.3500,111.3900,53204600
20150105,106.2500,108.6500,105.4100,108.2900,64285500
20150106,106.2600,107.4300,104.6300,106.5400,65797100
20150107,107.7500,108.2000,106.7000,107.2000,40105900
20150108,111.8900,112.1500,108.7000,109.2300,59364500
20150109,112.0100,113.2500,110.2100,112.6700,53699500
20150112,109.2500,112.6300,108.8000,112.6000,49650800
20150113,110.2200,112.8000,108.9100,111.4300,67091900
20150114,109.8000,110.4900,108.5000,109.0400,48337000
20150115,106.8200,110.0600,106.6600,110.0000,60014000
20150116,105.9900,107.5800,105.2000,107.0300,78513296
20150120,108.7200,108.9700,106.5000,107.8400,49899900
20150121,109.5500,111.0600,108.2700,108.9500,48575900
20150122,112.4000,112.4700,109.7200,110.2600,53796400
20150123,112.9800,113.7500,111.5300,112.3000,46464800
20150126,113.1000,114.3600,112.8000,113.7400,55615000
20150127,109.1400,112.4800,109.0300,112.4200,95568704
20150128,115.3100,118.1200,115.3100,117.6300,146477104
20150129,118.9000,119.1900,115.5600,116.3200,84436400
20150130,117.1600,120.0000,116.8500,118.4000,83745504
20150202,118.6300,119.1700,116.0800,118.0500,62739100
20150203,118.6500,119.0900,117.6100,118.5000,51915700
20150204,119.5600,120.5100,118.3100,118.5000,70149696
20150205,119.9400,120.2300,119.2500,120.0200,42246200
20150206,118.9300,120.2500,118.4500,120.0200,43706600
20150209,119.7200,119.8400,118.4300,118.5500,38889800
20150210,122.0200,122.1500,120.1600,120.1700,62008500
20150211,124.8800,124.9200,122.5000,122.7700,73561800
20150212,126.4600,127.4800,125.5700,126.0600,74474496
20150213,127.0800,127.2800,125.6500,127.2800,54272200
20150217,127.8300,128.8800,126.9200,127.4900,63152400
20150218,128.7200,128.7800,127.4500,127.6300,44891700
20150219,128.4500,129.0300,128.3300,128.4800,37362400
20150220,129.5000,129.5000,128.0500,128.6200,48948400
20150223,133.0000,133.0000,129.6600,130.0200,70974096
20150224,132.1700,133.6000,131.1700,132.9400,69228096
20150225,128.7900,131.6000,128.1500,131.5600,74711696
20150226,130.4200,130.8700,126.6100,128.7900,91287504
20150227,128.4600,130.5700,128.2400,130.0000,62014800
20150302,129.0900,130.2800,128.3000,129.2500,48096700
20150303,129.3600,129.5200,128.0900,128.9600,37816300
20150304,128.5400,129.5600,128.3200,129.1000,31666300
20150305,126.4100,128.7500,125.7600,128.5800,56517100
20150306,126.6000,129.3700,126.2600,128.4000,72842096
20150309,127.1400,129.5700,125.0600,127.9600,88528496
20150310,124.5100,127.2200,123.8000,126.4100,68856600
20150311,122.2400,124.7700,122.1100,124.7500,68939000
20150312,124.4500,124.9000,121.6300,122.3100,48362700
20150313,123.5900,125.4000,122.5800,124.4000,51827300
20150316,124.9500,124.9500,122.8700,123.8800,35874300
20150317,127.0400,127.3200,125.6500,125.9000,51023100
20150318,128.4700,129.1600,126.3700,127.0000,65270900
20150319,127.5000,129.2500,127.4000,128.7500,45809500
20150320,125.9000,128.4000,125.1600,128.2500,68695104
20150323,127.2100,127.8500,126.5200,127.1200,37709700
20150324,126.6900,128.0400,126.5600,127.2300,32842300
20150325,123.3800,126.8200,123.3800,126.5400,51655200
20150326,124.2400,124.8800,122.6000,122.7600,47572900
20150327,123.2500,124.7000,122.9100,124.5700,39546200
20150330,126.3700,126.4000,124.0000,124.0500,47099700
20150331,124.4300,126.4900,124.3600,126.0900,42090600
20150401,124.2500,125.1200,123.1000,124.8200,40621400
20150402,125.3200,125.5600,124.1900,125.0300,32220100
20150406,127.3500,127.5100,124.3300,124.4700,37194000
20150407,126.0100,128.1200,125.9800,127.6400,35012300
20150408,125.6000,126.4000,124.9700,125.8500,37329200
20150409,126.5600,126.5800,124.6600,125.8500,32484000
20150410,127.1000,127.2100,125.2600,125.9500,40188000
20150413,126.8500,128.5700,126.6100,128.3700,36365100
20150414,126.3000,127.2900,125.9100,127.0000,25524600
20150415,126.7800,127.1300,126.0100,126.4100,28970400
20150416,126.1700,127.1000,126.1100,126.2800,28369000
20150417,124.7500,126.1400,124.4600,125.5500,51957000
20150420,127.6000,128.1200,125.1700,125.5700,47054300
20150421,126.9100,128.2000,126.6700,128.1000,32435100
20150422,128.6200,128.8700,126.3200,126.9900,37654500
20150423,129.6700,130.4200,128.1400,128.3000,45770900
20150424,130.2800,130.6300,129.2300,130.4900,44525900
20150427,132.6500,133.1300,131.1500,132.3100,96954200
20150428,130.5600,134.5400,129.5700,134.4600,118924000
20150429,128.6400,131.5900,128.3000,130.1600,63386100
20150430,125.1500,128.6400,124.5800,128.6400,83195400
20150501,128.9500,130.1300,125.3000,126.1000,58512600
20150504,128.7000,130.5700,128.2600,129.5000,50988300
20150505,125.8000,128.4500,125.7800,128.1500,49271400
20150506,125.0100,126.7500,123.3600,126.5600,72141000
20150507,125.2600,126.0800,124.0200,124.7700,43940900
20150508,127.6200,127.6200,126.1100,126.6800,55550400
20150511,126.3200,127.5600,125.6300,127.3900,42035800
20150512,125.8700,126.8800,124.8200,125.6000,48160000
20150513,126.0100,127.1900,125.8700,126.1500,34694200
20150514,128.9500,128.9500,127.1600,127.4100,45203500
20150515,128.7700,129.4900,128.2100,129.0700,38208000
20150518,130.1900,130.7200,128.3600,128.3800,50882900
20150519,130.0700,130.8800,129.6400,130.6900,44633200
20150520,130.0600,130.9800,129.3400,130.0000,36454900
20150521,131.3900,131.6300,129.8300,130.0700,39730400
20150522,132.5400,132.9700,131.4000,131.6000,45596000
20150526,129.6200,132.9100,129.1200,132.6000,70697600
20150527,132.0400,132.2600,130.0500,130.3400,45833200
20150528,131.7800,131.9500,131.1000,131.8600,30733300
20150529,130.2800,131.4500,129.9000,131.2300,50884500
20150601,130.5400,131.3900,130.0500,130.2800,32112800
20150602,129.9600,130.6600,129.3200,129.8600,33667600
20150603,130.1200,130.9400,129.9000,130.6600,30889400
20150604,129.3600,130.5800,128.9100,129.5800,38450100
20150605,128.6500,129.6900,128.3600,129.5000,35626800
20150608,127.8000,129.2100,126.8300,128.9000,52674800
20150609,127.4200,128.0800,125.6200,126.7000,56075400
20150610,128.8800,129.3400,127.8500,127.9200,39087300
20150611,128.5900,130.1800,128.4800,129.1800,35390900
20150612,127.1700,128.3300,127.1100,128.1900,36886200
20150615,126.9200,127.2400,125.7100,126.1000,43988900
20150616,127.6000,127.8500,126.3700,127.0300,31494100
20150617,127.3000,127.8800,126.7400,127.7200,32918100
20150618,127.8800,128.3100,127.2200,127.2300,35407200
20150619,126.6000,127.8200,126.4000,127.7100,54716900
20150622,127.6100,128.0600,127.0800,127.4900,34039300
20150623,127.0300,127.6100,126.8800,127.4800,30268900
20150624,128.1100,129.8000,127.1200,127.2100,55280900
20150625,127.5000,129.2000,127.5000,128.8600,31938100
20150626,126.7500,127.9900,126.5100,127.6700,44066800
20150629,124.5300,126.4700,124.4800,125.4600,49161400
20150630,125.4300,126.1200,124.8600,125.5700,44370700
20150701,126.6000,126.9400,125.9900,126.9000,30238800
20150702,126.4400,126.6900,125.7700,126.4300,27211000
20150706,126.0000,126.2300,124.8500,124.9400,28060400
20150707,125.6900,126.1500,123.7700,125.8900,46946800
20150708,122.5700,124.6400,122.5400,124.4800,60761600
20150709,120.0700,124.0600,119.2200,123.8500,77821600
20150710,123.2800,123.8500,121.2100,121.9400,61354500
20150713,125.6600,125.7600,124.3200,125.0300,41440500
20150714,125.6100,126.3700,125.0400,126.0400,31768100
20150715,126.8200,127.1500,125.5800,125.7200,33649200
20150716,128.5100,128.5700,127.3500,127.7400,36222400
20150717,129.6200,129.6200,128.3100,129.0800,46164700
20150720,132.0700,132.9700,130.7000,130.9700,58900200
20150721,130.7500,132.9200,130.3200,132.8500,76756400
20150722,125.2200,125.5000,121.9900,121.9900,115450600
20150723,125.1600,127.0900,125.0600,126.2000,50999500
20150724,124.5000,125.7400,123.9000,125.3200,42162300
20150727,122.7700,123.6100,122.1200,123.0900,44455500
20150728,123.3800,123.9100,122.5500,123.3800,33618100
20150729,122.9900,123.5000,122.2700,123.1500,37011700
20150730,122.3700,122.5700,121.7100,122.3200,33628300
20150731,121.3000,122.6400,120.9100,122.6000,42885000
20150803,118.4400,122.5700,117.5200,121.5000,69976000
20150804,114.6400,117.7000,113.2500,117.4200,124138600
20150805,115.4000,117.4400,112.1000,112.9500,99312600
20150806,115.1300,116.5000,114.1200,115.9700,52903000
20150807,115.5200,116.2500,114.5000,114.5800,38670400
20150810,119.7200,119.9900,116.5300,116.5300,54951600
20150811,113.4900,118.1800,113.3300,117.8100,97082800
20150812,115.2400,115.4200,109.6300,112.5300,101217504
20150813,115.1500,116.4000,114.5400,116.0400,48535800
20150814,115.9600,116.3100,114.0100,114.3200,42929500
20150817,117.1600,117.6500,115.5000,116.0400,40884700
20150818,116.5000,117.4400,116.0100,116.4300,34560700
20150819,115.0100,116.5200,114.6800,116.1000,47445700
20150820,112.6500,114.3500,111.6300,114.0800,68501600
20150821,105.7600,111.9000,105.6500,110.4300,128275504
20150824,103.1200,108.8000,92.0000,94.8700,162206304
20150825,103.7400,111.1100,103.5000,111.1100,103601600
20150826,109.6900,109.8900,105.0500,107.0900,96774600
20150827,112.9200,113.2400,110.0200,112.2300,84616096
20150828,113.2900,113.3100,111.5400,112.1700,53164400
20150831,112.7600,114.5300,112.0000,112.0300,56229300
20150901,107.7200,111.8800,107.3600,110.1500,76845904
20150902,112.3400,112.3400,109.1300,110.2300,61888800
20150903,110.3700,112.7800,110.0400,112.4900,53233900
20150904,109.2700,110.4500,108.5100,108.9700,49996300
20150908,112.3100,112.5600,110.3200,111.7500,54843600
20150909,110.1500,114.0200,109.7700,113.7600,85010800
20150910,112.5700,113.2800,109.9000,110.2700,62892800
20150911,114.2100,114.2100,111.7600,111.7900,49915500
20150914,115.3100,116.8900,114.8600,116.5800,58363400
20150915,116.2800,116.5300,114.4200,115.9300,43341200
20150916,116.4100,116.5400,115.4400,116.2500,37173500
20150917,113.9200,116.4900,113.7200,115.6600,64112600
20150918,113.4500,114.3000,111.8700,112.2100,74285296
20150921,115.2100,115.3700,113.6600,113.6700,50222000
20150922,113.4000,114.1800,112.5200,113.3800,50346200
20150923,114.3200,114.7200,113.3000,113.6300,35756700
20150924,115.0000,115.5000,112.3700,113.2500,50219500
20150925,114.7100,116.6900,114.0200,116.4400,56151900
20150928,112.4400,114.5700,112.4400,113.8500,52109000
20150929,109.0600,113.5100,107.8600,112.8300,73365400
20150930,110.3000,111.5400,108.7300,110.1700,66473000
20151001,109.5800,109.6200,107.3100,109.0700,63929100
20151002,110.3800,111.0100,107.5500,108.0100,58019800
20151005,110.7800,111.3700,109.0700,109.8800,52064700
20151006,111.3100,111.7400,109.7700,110.6300,48857000
20151007,110.7800,111.7700,109.4100,111.7400,46765600
20151008,109.5000,110.1900,108.2100,110.1900,61979600
20151009,112.1200,112.2800,109.4900,110.0000,52766100
20151012,111.6000,112.7500,111.4400,112.7300,30467200
20151013,111.7900,112.4500,110.6800,110.8200,33049300
20151014,110.2100,111.5200,109.5600,111.2900,44462400
20151015,111.8600,112.1000,110.4900,110.9300,37673500
20151016,111.0400,112.0000,110.5300,111.7800,38236300
20151019,111.7300,111.7500,110.1100,110.8000,29759200
20151020,113.7700,114.1700,110.8200,111.3400,48967800
20151021,113.7600,115.5800,113.7000,114.0000,41795200
20151022,115.5000,115.5000,114.1000,114.3300,41654100
20151023,119.0800,119.2300,116.3300,116.7000,59366900
20151026,115.2800,118.1300,114.9200,118.0800,66333800
20151027,114.5500,116.5400,113.9900,115.4000,69884400
20151028,119.2700,119.3000,116.0600,116.9300,85551400
20151029,120.5300,120.6900,118.2700,118.7000,51227300
20151030,119.5000,121.2200,119.4500,120.9900,49365300
20151102,121.1800,121.3600,119.6100,120.8000,32203300
20151103,122.5700,123.4900,120.7000,120.7900,45519000
20151104,122.0000,123.8200,121.6200,123.1300,44886100
20151105,120.9200,122.6900,120.1800,121.8500,39552700
20151106,121.0600,121.8100,120.6200,121.1100,33042300
20151109,120.5700,121.8100,120.0500,120.9600,33871400
20151110,116.7700,118.0700,116.0600,116.9000,59127900
20151111,116.1100,117.4200,115.2100,116.3700,45218000
20151112,115.7200,116.8200,115.6500,116.2600,32525600
20151113,112.3400,115.5700,112.2700,115.2000,45812400
20151116,114.1800,114.2400,111.0000,111.3800,38106700
20151117,113.6900,115.0500,113.3200,114.9200,27616900
20151118,117.2900,117.4900,115.5000,115.7600,46674700
20151119,118.7800,119.7500,116.7600,117.6400,43295800
20151120,119.3000,119.9200,118.8500,119.2000,34287100
20151123,117.7500,119.7300,117.3400,119.2700,32482500
20151124,118.8800,119.3500,117.1200,117.3300,42803200
20151125,118.0300,119.2300,117.9200,119.2100,21388300
20151127,117.8100,118.4100,117.6000,118.2900,13023700
20151130,118.3000,119.4100,117.7500,117.9900,37658700
20151201,117.3400,118.8100,116.8600,118.7500,34701000
20151202,116.2800,118.1100,116.0800,117.3400,33199000
20151203,115.2000,116.7900,114.2200,116.5500,41476500
20151204,119.0300,119.2500,115.1100,115.2900,56524700
20151207,118.2800,119.8600,117.8100,118.9800,31991200
20151208,118.2300,118.6000,116.8600,117.5200,34254500
20151209,115.6200,117.6900,115.0800,117.6400,45017700
20151210,116.1700,116.9400,115.5100,116.0400,29104200
20151211,113.1800,115.3900,112.8500,115.1900,46640500
20151214,112.4800,112.6800,109.7900,112.1800,64318700
20151215,110.4900,112.8000,110.3500,111.9400,52978100
20151216,111.3400,111.9900,108.8000,111.0700,56238500
20151217,108.9800,112.2500,108.9800,112.0200,44772800
20151218,106.0300,109.5200,105.8100,108.9100,96453296
20151221,107.3300,107.3700,105.5700,107.2800,47590600
20151222,107.2300,107.7200,106.4500,107.4000,32789400
20151223,108.6100,108.8500,107.2000,107.2700,32657400
20151224,108.0300,109.0000,107.9500,109.0000,13596700
20151228,106.8200,107.6900,106.1800,107.5900,26704200
20151229,108.7400,109.4300,106.8600,106.9600,30931200
20151230,107.3200,108.7000,107.1800,108.5800,25213800
20151231,105.2600,107.0300,104.8200,107.0100,40912300
20160104,105.3500,105.3700,102.0000,102.6100,67649400
20160105,102.7100,105.8500,102.4100,105.7500,55791000
20160106,100.7000,102.3700,99.8700,100.5600,68457400
20160107,96.4500,100.1300,96.4300,98.6800,81094400
20160108,96.9600,99.1100,96.7600,98.5500,70798000
20160111,98.5300,99.0600,97.3400,98.9700,49739400
20160112,99.9600,100.6900,98.8400,100.5500,49154200
20160113,97.3900,101.1900,97.3000,100.3200,62439600
20160114,99.5200,100.4800,95.7400,97.9600,63170100
20160115,97.1300,97.7100,95.3600,96.2000,79833904
20160119,96.6600,98.6500,95.5000,98.4100,53087700
20160120,96.7900,98.1900,93.4200,95.1000,72334400
20160121,96.3000,97.8800,94.9400,97.0600,52161500
20160122,101.4200,101.4600,98.3700,98.6300,65800500
20160125,99.4400,101.5300,99.2100,101.5200,51794500
20160126,99.9900,100.8800,98.0700,99.9300,75077000
20160127,93.4200,96.6300,93.3400,96.0400,133369696
20160128,94.0900,94.5200,92.3900,93.7900,55678800
20160129,97.3400,97.3400,94.3500,94.7900,64416500
20160201,96.4300,96.7100,95.4000,96.4700,40943500
20160202,94.4800,96.0400,94.2800,95.4200,37357200
20160203,96.3500,96.8400,94.0800,95.0000,45964300
20160204,96.6000,97.3300,95.1900,95.8600,46263900
20160205,94.0200,96.9200,93.6900,96.5200,46418100
20160208,95.0100,95.7000,93.0400,93.1300,53852300
20160209,94.9900,95.9400,93.9300,94.2900,44331200
20160210,94.2700,96.3500,94.1000,95.9200,42245000
20160211,93.7000,94.7200,92.5900,93.7900,49686200
20160212,93.9900,94.5000,93.0100,94.1900,40121700
20160216,96.6400,96.8500,94.6100,95.0200,47490700
20160217,98.1200,98.2100,96.1500,96.6700,44390200
20160218,96.2600,98.8900,96.0900,98.8400,38494400
20160219,96.0400,96.7600,95.8000,96.0000,34485600
20160222,96.8800,96.9000,95.9200,96.3100,34048200
20160223,94.6900,96.5000,94.5500,96.4000,31686700
20160224,96.1000,96.3800,93.3200,93.9800,36155600
20160225,96.7600,96.7600,95.2500,96.0500,27393900
20160226,96.9100,98.0200,96.5800,97.2000,28913200
20160229,96.6900,98.2300,96.6500,96.8600,34876600
20160301,100.5300,100.7700,97.4200,97.6500,50153900
20160302,100.7500,100.8900,99.6400,100.5100,33084900
20160303,101.5000,101.7100,100.4500,100.5800,36792200
20160304,103.0100,103.7500,101.3700,102.3700,45936500
20160307,101.8700,102.8300,100.9600,102.3900,35828900
20160308,101.0300,101.7600,100.4000,100.7800,31274200
20160309,101.1200,101.5800,100.2700,101.3100,27130700
20160310,101.1700,102.2400,100.1500,101.4100,33470400
20160311,102.2600,102.2800,101.5000,102.2400,27200800
20160314,102.5200,102.9100,101.7800,101.9100,25027400
20160315,104.5800,105.1800,103.8500,103.9600,39982500
20160316,105.9700,106.3100,104.5900,104.6100,37893800
20160317,105.8000,106.4700,104.9600,105.5200,34244600
20160318,105.9200,106.5000,105.1900,106.3400,43402300
20160321,105.9100,107.6500,105.1400,105.9300,35180800
20160322,106.7200,107.2900,105.2100,105.2500,32232600
20160323,106.1300,107.0700,105.9000,106.4800,25452600
20160324,105.6700,106.2500,104.8900,105.4700,25480900
20160328,105.1900,106.1900,105.0600,106.0000,19303600
20160329,107.6800,107.7900,104.8800,104.8900,30774100
20160330,109.5600,110.4200,108.6000,108.6500,45159900
20160331,108.9900,109.9000,108.8800,109.7200,25685700
20160401,109.9900,110.0000,108.2000,108.7800,25626200
20160404,111.1200,112.1900,110.2700,110.4200,37356200
20160405,109.8100,110.7300,109.4200,109.5100,26578700
20160406,110.9600,110.9800,109.2000,110.2300,26404100
20160407,108.5400,110.4200,108.1200,109.9500,31801900
20160408,108.6600,109.7700,108.1700,108.9100,23581700
20160411,109.0200,110.6100,108.8300,108.9700,29407500
20160412,110.4400,110.5000,108.6600,109.3400,27232300
20160413,112.0400,112.3400,110.8000,110.8000,33257300
20160414,112.1000,112.3900,111.3300,111.6200,25473900
20160415,109.8500,112.3000,109.7300,112.1100,46939000
20160418,107.4800,108.9500,106.9400,108.8900,60821500
20160419,106.9100,108.0000,106.2300,107.8800,32384900
20160420,107.1300,108.0900,106.0600,106.6400,30611000
20160421,105.9700,106.9300,105.5200,106.9300,31552500
20160422,105.6800,106.4800,104.6200,105.0100,33683100
20160425,105.0800,105.6500,104.5100,105.0000,28031600
20160426,104.3500,105.3000,103.9100,103.9100,56016200
20160427,97.8200,98.7100,95.6800,96.0000,114602096
20160428,94.8300,97.8800,94.2500,97.6100,82242704
20160429,93.7400,94.7200,92.5100,93.9900,68531504
20160502,93.6400,94.0800,92.4000,93.9700,48160100
20160503,95.1800,95.7400,93.6800,94.2000,56831300
20160504,94.1900,95.9000,93.8200,95.2000,41025500
20160505,93.2400,94.0700,92.6800,94.0000,35890500
20160506,92.7200,93.4500,91.8500,93.3700,43458200
20160509,92.7900,93.7700,92.5900,93.0000,32855300
20160510,93.4200,93.5700,92.1100,93.3300,33592500
20160511,92.5100,93.5700,92.4600,93.4800,28539900
20160512,90.3400,92.7800,89.4700,92.7200,76109800
20160513,90.5200,91.6700,90.0000,90.0000,44188200
20160516,93.8800,94.3900,91.6500,92.3900,61140600
20160517,93.4900,94.7000,93.0100,94.5500,46507400
20160518,94.5600,95.2100,93.8900,94.1600,41923100
20160519,94.2000,94.6400,93.5700,94.6400,30342700
20160520,95.2200,95.4300,94.5200,94.6400,31804600
20160523,96.4300,97.1900,95.6700,95.8700,37860500
20160524,97.9000,98.0900,96.8400,97.2200,35036800
20160525,99.6200,99.7400,98.1100,98.6700,38168800
20160526,100.4100,100.7300,98.6400,99.6800,56093400
20160527,100.3500,100.4700,99.2500,99.4400,36341200
20160531,99.8600,100.4000,98.8200,99.6000,42307200
20160601,98.4600,99.5400,98.3300,99.0200,29173300
20160602,97.7200,97.8400,96.6300,97.6000,40191600
20160603,97.9200,98.2700,97.4500,97.7900,28504900
20160606,98.6300,101.8900,97.5500,97.9900,23292500
20160607,99.0300,99.8700,98.9600,99.2500,22409500
20160608,98.9400,99.5600,98.6800,99.0200,20848100
20160609,99.6500,99.9900,98.4600,98.5000,26601400
20160610,98.8300,99.3500,98.4800,98.5300,31712900
20160613,97.3400,99.1200,97.1000,98.6900,38020500
20160614,97.4600,98.4800,96.7500,97.3200,31931900
20160615,97.1400,98.4100,97.0300,97.8200,29445200
20160616,97.5500,97.7500,96.0700,96.4500,31326800
20160617,95.3300,96.6500,95.3000,96.6200,61008200
20160620,95.1000,96.5700,95.0300,96.0000,34411900
20160621,95.9100,96.3500,94.6800,94.9400,35546400
20160622,95.5500,96.8900,95.3500,96.2500,29219100
20160623,96.1000,96.2900,95.2500,95.9400,32240200
20160624,93.4000,94.6600,92.6500,92.9100,75311400
20160627,92.0400,93.0500,91.5000,93.0000,45489600
20160628,93.5900,93.6600,92.1400,92.9000,40444900
20160629,94.4000,94.5500,93.6300,93.9700,36531000
20160630,95.6000,95.7700,94.3000,94.4400,35836400
20160701,95.8900,96.4700,95.3300,95.4900,26026500
20160705,94.9900,95.4000,94.4600,95.3900,27705200
20160706,95.5300,95.6600,94.3700,94.6000,30949100
20160707,95.9400,96.5000,95.6200,95.7000,25139600
20160708,96.6800,96.8900,96.0500,96.4900,28912100
20160711,96.9800,97.6500,96.7300,96.7500,23794900
20160712,97.4200,97.7000,97.1200,97.1700,24167500
20160713,96.8700,97.6700,96.8400,97.4100,25892200
20160714,98.7900,98.9900,97.3200,97.3900,38919000
20160715,98.7800,99.3000,98.5000,98.9200,30137000
20160718,99.8300,100.1300,98.6000,98.7000,36493900
20160719,99.8700,100.0000,99.3400,99.5600,23779900
20160720,99.9600,100.4600,99.7400,100.0000,26276000
20160721,99.4300,101.0000,99.1300,99.8300,31792000
20160722,98.6600,99.3000,98.3100,99.2600,28177200
20160725,97.3400,98.8400,96.9200,98.2500,40382900
20160726,96.6700,97.9700,96.4200,96.8200,56239800
20160727,102.9500,104.3500,102.7500,104.2700,90898304
20160728,104.3400,104.4500,102.8200,102.8300,38406300
20160729,104.2100,104.5500,103.6800,104.1900,27506800
20160801,106.0500,106.1500,104.4100,104.4100,38167900
20160802,104.4800,106.0700,104.0000,106.0500,33816600
20160803,105.7900,105.8400,104.7700,104.8100,30202600
20160804,105.8700,106.0000,105.2800,105.5800,27408700
20160805,107.4800,107.6500,106.1800,106.2700,40553400
20160808,108.3700,108.3700,107.1600,107.5200,28037200
20160809,108.8100,108.9400,108.0100,108.2300,26315200
20160810,108.0000,108.9000,107.7600,108.7100,24008500
20160811,107.9300,108.9300,107.8500,108.5200,27484500
20160812,108.1800,108.4400,107.7800,107.7800,18660400
20160815,109.4800,109.5400,108.0800,108.1400,25868200
20160816,109.3800,110.2300,109.2100,109.6300,33732200
20160817,109.2200,109.3700,108.3400,109.1000,25356000
20160818,109.0800,109.6000,109.0200,109.2300,21984700
20160819,109.3600,109.6900,108.3600,108.7700,25368100
20160822,108.5100,109.1000,107.8500,108.8600,25820200
20160823,108.8500,109.3200,108.5300,108.5900,21257700
20160824,108.0300,108.7500,107.6800,108.5700,23675100
20160825,107.5700,107.8800,106.6800,107.3900,25086200
20160826,106.9400,107.9500,106.3100,107.4100,27766300
20160829,106.8200,107.4400,106.2900,106.6200,24970300
20160830,106.0000,106.5000,105.5000,105.8000,24863900
20160831,106.1000,106.5700,105.6400,105.6600,29662400
20160901,106.7300,106.8000,105.6200,106.1400,26701500
20160902,107.7300,108.0000,106.8200,107.7000,26802500
20160906,107.7000,108.3000,107.5100,107.9000,26880400
20160907,108.3600,108.7600,107.0700,107.8300,42364300
20160908,105.5200,107.2700,105.2400,107.2500,53002000
20160909,103.1300,105.7200,103.1300,104.6400,46557000
20160912,105.4400,105.7200,102.5300,102.6500,45292800
20160913,107.9500,108.7900,107.2400,107.5100,62176200
20160914,111.7700,113.0300,108.6000,108.7300,110888704
20160915,115.5700,115.7300,113.4900,113.8600,89983600
20160916,114.9200,116.1300,114.0400,115.1200,79886896
20160919,113.5800,116.1800,113.2500,115.1900,47023000
20160920,113.5700,114.1200,112.5100,113.0500,34514300
20160921,113.5500,113.9900,112.4400,113.8500,36003200
20160922,114.6200,114.9400,114.0000,114.3500,31074000
20160923,112.7100,114.7900,111.5500,114.4200,52481200
20160926,112.8800,113.3900,111.5500,111.6400,29869400
20160927,113.0900,113.1800,112.3400,113.0000,24607400
20160928,113.9500,114.6400,113.4300,113.6900,29641100
20160929,112.1800,113.8000,111.8000,113.1600,35887000
20160930,113.0500,113.3700,111.8000,112.4600,36379100
20161003,112.5200,113.0500,112.2800,112.7100,21701800
20161004,113.0000,114.3100,112.6300,113.0600,29736800
20161005,113.0500,113.6600,112.6900,113.4000,21453100
20161006,113.8900,114.3400,113.1300,113.7000,28779300
20161007,114.0600,114.5600,113.5100,114.3100,24358400
20161010,116.0500,116.7500,114.7200,115.0200,36236000
20161011,116.3000,118.6900,116.2000,117.7000,64041000
20161012,117.3400,117.9800,116.7500,117.3500,37586800
20161013,116.9800,117.4400,115.7200,116.7900,35192400
20161014,117.6300,118.1700,117.1300,117.8800,35652200
20161017,117.5500,117.8400,116.7800,117.3300,23624900
20161018,117.4700,118.2100,117.4500,118.1800,24553500
20161019,117.1200,117.7600,113.8000,117.2500,20034600
20161020,117.0600,117.3800,116.3300,116.8600,24125800
20161021,116.6000,116.9100,116.2800,116.8100,23192700
20161024,117.6500,117.7400,117.0000,117.1000,23538700
20161025,118.2500,118.3600,117.3100,117.9500,48129000
20161026,115.5900,115.7000,113.3100,114.3100,66134200
20161027,114.4800,115.8600,114.1000,115.3900,34562000
20161028,113.7200,115.2100,113.4500,113.8700,37861700
20161031,113.5400,114.2300,113.2000,113.6500,26419400
20161101,111.4900,113.7700,110.5300,113.4600,43825800
20161102,111.5900,112.3500,111.2300,111.4000,28331700
20161103,109.8300,111.4600,109.5500,110.9800,26932600
20161104,108.8400,110.2500,108.1100,108.5300,30837000
20161107,110.4100,110.5100,109.4600,110.0800,32560000
20161108,111.0600,111.7200,109.7000,110.3100,24054500
20161109,110.8800,111.3200,108.0500,109.8800,59176400
20161110,107.7900,111.0900,105.8300,111.0900,57134500
20161111,108.4300,108.8700,106.5500,107.1200,34094100
20161114,105.7100,107.8100,104.0800,107.7100,50872500
20161115,107.1100,107.6800,106.1600,106.5700,32216900
20161116,109.9900,110.2300,106.6000,106.7000,58702500
20161117,109.9500,110.3500,108.8300,109.8100,26964600
20161118,110.0600,110.5400,109.6600,109.7200,27404300
20161121,111.7300,111.9900,110.0100,110.1200,29119100
20161122,111.8000,112.4200,111.4000,111.9500,25922600
20161123,111.2300,111.5100,110.3300,111.3600,27387900
20161125,111.7900,111.8700,110.9500,111.1300,11424400
20161128,111.5700,112.4700,111.3900,111.4300,27026600
20161129,111.4600,112.0300,110.0700,110.7800,28459300
20161130,110.5200,112.2000,110.2700,111.6000,35765000
20161201,109.4900,110.9400,109.0300,110.3700,36825800
20161202,109.9000,110.0900,108.8500,109.1700,26409800
20161205,109.1100,110.0300,108.2500,110.0000,34037300
20161206,109.9500,110.3600,109.1900,109.5000,26075900
20161207,111.0300,111.1900,109.1600,109.2600,29853000
20161208,112.1200,112.4300,110.6000,110.8600,26818500
20161209,113.9500,114.7000,112.3100,112.3100,34274100
20161212,113.3000,115.0000,112.4900,113.2900,26149100
20161213,115.1900,115.9200,113.7500,113.8400,43167500
20161214,115.1900,116.2000,114.9800,115.0400,33433200
20161215,115.8200,116.7300,115.2300,115.3800,46232200
20161216,115.9700,116.5000,115.6500,116.4700,44055400
20161219,116.6400,117.3800,115.7500,115.8000,27675400
20161220,116.9500,117.5000,116.6800,116.7400,20905800
20161221,117.0600,117.4000,116.7800,116.8000,24216900
20161222,116.2900,116.5100,115.6400,116.3500,25789800
20161223,116.5200,116.5200,115.5900,115.5900,14181200
20161227,117.2600,117.8000,116.4900,116.5200,18071900
20161228,116.7600,118.0200,116.2000,117.5200,20582000
20161229,116.7300,117.1100,116.4000,116.4500,14963300
20161230,115.8200,117.2000,115.4300,116.6500,30253100
20170103,116.1500,116.3300,114.7600,115.8000,28509500
20170104,116.0200,116.5100,115.7500,115.8500,20858700
20170105,116.6100,116.8600,115.8100,115.9200,22103700
20170106,117.9100,118.1600,116.4700,116.7800,31577900
20170109,118.9900,119.4300,117.9400,117.9500,33387600
20170110,119.1100,119.3800,118.3000,118.7700,24420800
20170111,119.7500,119.9300,118.6000,118.7400,27418600
20170112,119.2500,119.3000,118.2100,118.9000,27002400
20170113,119.0400,119.6200,118.8100,119.1100,25938300
20170117,120.0000,120.2400,118.2200,118.3400,34078600
20170118,119.9900,120.5000,119.7100,120.0000,23644700
20170119,119.7800,120.0900,119.3700,119.4000,25295700
20170120,120.0000,120.4500,119.7300,120.4500,29479900
20170123,120.0800,120.8100,119.7700,120.0000,21131400
20170124,119.9700,120.1000,119.5000,119.5500,23150200
20170125,121.8800,122.1000,120.2800,120.4200,32377600
20170126,121.9400,122.4400,121.6000,121.6700,26282000
20170127,121.9500,122.3500,121.6000,122.1400,20437400
20170130,121.6300,121.6300,120.6600,120.9300,30278800
20170131,121.3500,121.3900,120.6200,121.1500,41610600
20170201,128.7500,130.4900,127.0100,127.0300,111985000
20170202,128.5300,129.3900,127.7800,127.9800,33710400
20170203,129.0800,129.1900,128.1600,128.3100,24507300
20170206,130.2900,130.5000,128.9000,129.1300,26845900
20170207,131.5300,132.0900,130.4500,130.5400,38183800
20170208,132.0400,132.2200,131.2200,131.3500,23004100
20170209,132.4200,132.4500,131.1200,131.6500,28349900
20170210,132.1200,132.9400,132.0500,132.4600,20065500
20170213,133.2900,133.8200,132.7500,133.0800,23035400
20170214,135.0200,135.0900,133.2500,133.4700,32815500
20170215,135.5100,136.2700,134.6200,135.5200,35501600
20170216,135.3500,135.9000,134.8400,135.6700,22118000
20170217,135.7200,135.8300,135.1000,135.1000,22084500
20170221,136.7000,136.7500,135.9800,136.2300,24265100
20170222,137.1100,137.1200,136.1100,136.4300,20745300
20170223,136.5300,137.4800,136.3000,137.3800,20704100
20170224,136.6600,136.6600,135.2800,135.9100,21690900
20170227,136.9300,137.4400,136.2800,137.1400,20196400
20170228,136.9900,137.4400,136.7000,137.0800,23403500
20170301,139.7900,140.1500,137.6000,137.8900,36272400
20170302,138.9600,140.2800,138.7600,140.0000,26153300
20170303,139.7800,139.8300,138.5900,138.7800,21108100
20170306,139.3400,139.7700,138.6000,139.3700,21155300
20170307,139.5200,139.9800,138.7900,139.0600,17267500
20170308,139.0000,139.8000,138.8200,138.9500,18681800
20170309,138.6800,138.7900,137.0500,138.7400,22065200
20170310,139.1400,139.3600,138.6400,139.2500,19488000
20170313,139.2000,139.4300,138.8200,138.8500,17042400
20170314,138.9900,139.6500,138.8400,139.3000,15189700
20170315,140.4600,140.7500,139.0300,139.4100,25566800
20170316,140.6900,141.0200,140.2600,140.7200,19132500
20170317,139.9900,141.0000,139.8900,141.0000,43597400
20170320,141.4600,141.5000,140.2300,140.4000,20213100
20170321,139.8400,142.8000,139.7300,142.1100,39116800
20170322,141.4200,141.6000,139.7600,139.8500,25787600
20170323,140.9200,141.5800,140.6100,141.2600,20346300
20170324,140.6400,141.7400,140.3500,141.5000,22395600
20170327,140.8800,141.2200,138.6200,139.3900,23575100
20170328,143.8000,144.0400,140.6200,140.9100,33374800
20170329,144.1200,144.4900,143.1900,143.6800,29190000
20170330,143.9300,144.5000,143.5000,144.1900,21207300
20170331,143.6600,144.2700,143.0100,143.7200,19661700
20170403,143.7000,144.1200,143.0500,143.7100,19985700
20170404,144.7700,144.8900,143.1700,143.2500,19765700
20170405,144.0200,145.4600,143.8100,144.2200,27481500
20170406,143.6600,144.5200,143.4500,144.2900,21118000
20170407,143.3400,144.1800,143.2700,143.7300,16621300
20170410,143.1700,143.8800,142.9000,143.6000,18473000
20170411,141.6300,143.3500,140.0600,142.9400,30275300
20170412,141.8000,142.1500,141.0100,141.6000,20238900
20170413,141.0500,142.3800,141.0500,141.9100,17652900
20170417,141.8300,141.8800,140.8700,141.4800,16424000
20170418,141.2000,142.0400,141.1100,141.4100,14660800
20170419,140.6800,142.0000,140.4500,141.8800,17271300
20170420,142.4400,142.9200,141.1600,141.2200,23251100
20170421,142.2700,142.6800,141.8500,142.4400,17245200
20170424,143.6400,143.9500,143.1800,143.5000,17099200
20170425,144.5300,144.9000,143.8700,143.9100,18290300
20170426,143.6800,144.6000,143.3800,144.4700,19769400
20170427,143.7900,144.1600,143.3100,143.9200,14106100
20170428,143.6500,144.3000,143.2700,144.0900,20763500
20170501,146.5800,147.2000,144.9600,145.1000,33602900
20170502,147.5100,148.0900,146.8400,147.5400,45352200
20170503,147.0600,147.4900,144.2700,145.5900,45697000
20170504,146.5300,147.1400,145.8100,146.5200,23371900
20170505,148.9600,148.9800,146.7600,146.7600,27327700
20170508,153.0100,153.7000,149.0300,149.0300,48752400
20170509,153.9900,154.8800,153.4500,153.8700,39130400
20170510,153.2600,153.9400,152.1100,153.6300,25805700
20170511,153.9500,154.0700,152.3100,152.4500,27255100
20170512,156.1000,156.4200,154.6700,154.7000,32221800
